66.9004 69.651 2
22.0834 30.2293 2
17.0568 -36.1402 1
50.9754 -16.488 1
35.0015 -64.7762 1
-75.7166 1.92642 0
-71.2971 -42.2935 0
-76.9622 -39.7646 0
-70.7048 38.4312 0
48.2104 61.7649 2
62.6873 -27.9936 1
39.3116 10.1961 2
-56.1461 -7.43474 0
62.7987 -45.2918 1
25.9954 -73.1905 1
25.4294 -26.1746 1
51.4387 75.8172 2
32.7896 63.7648 2
59.0303 25.0564 2
13.0476 -67.2229 1
53.8702 -56.8807 1
45.3182 -58.6587 1
32.4463 64.7617 2
32.7405 -20.7918 1
-71.5774 8.03234 0
36.5477 24.3611 2
16.072 -65.5346 1
47.6187 -24.397 1
57.0217 -25.8827 1
21.5124 24.2431 2
16.2144 -29.8942 1
21.557 36.3343 2
62.5496 50.5938 2
60.3497 56.2555 2
-72.5413 -46.9422 0
51.7039 -44.6351 1
57.4417 -44.5197 1
8.71507 -48.8685 1
50.8845 74.5596 2
57.2851 -59.7562 1
28.873 28.6969 2
33.5332 86.4416 2
68.9379 31.5448 2
22.0767 -50.7963 1
-69.2235 25.2023 0
32.9085 -27.7872 1
36.9238 -44.8689 1
36.2907 72.7042 2
28.8909 82.6487 2
62.5493 49.1699 2
-60.7515 22.2233 0
17.9456 58.0265 2
-64.5389 -44.2743 0
61.1416 -64.7816 1
14.3977 -72.9032 1
23.0748 -29.0922 1
71.796 44.7187 2
43.4631 66.1083 2
66.6006 68.3944 2
26.1454 36.4522 2
37.8033 -45.3119 1
-77.2529 32.8812 0
48.4095 -21.1071 1
63.0166 36.5335 2
46.3408 -12.7638 1
-79.6783 -10.6219 0
61.2407 23.1541 2
-67.2347 -29.9099 0
40.2519 -56.3475 1
27.432 -72.942 1
-61.5338 -3.55307 0
-65.8473 -15.7844 0
-58.8105 2.80279 0
13.3937 56.2557 2
28.1613 25.8869 2
-75.1217 -51.787 0
11.0213 -47.3714 1
56.6587 -21.9922 1
27.1181 -75.0174 1
29.0366 57.6415 2
29.359 -30.0331 1
36.2509 22.7964 2
-71.2854 -70.9692 0
25.4567 -54.7015 1
22.2121 -46.9071 1
-69.8163 -67.0462 0
40.0786 75.6032 2
36.701 -27.5069 1
-68.5643 18.2857 0
-57.1536 -0.107045 0
52.6425 -25.9985 1
35.9116 53.7947 2
40.8561 -72.5647 1
56.6224 70.2041 2
23.2672 60.996 2
44.3886 -81.4809 1
65.3302 -33.3838 1
60.6365 -74.2394 1
44.0982 -56.2208 1
19.9351 54.1505 2
30.193 -84.6085 1
46.1576 -33.7287 1
39.5199 42.6004 2
54.2798 -53.2793 1
30.1893 27.7606 2
18.3817 66.6785 2
11.7711 -62.9286 1
45.2597 79.9351 2
54.9212 25.2095 2
36.9328 54.134 2
22.0377 -54.4229 1
26.2701 -19.0998 1
49.8029 82.1207 2
57.2876 -42.0643 1
61.6131 22.7457 2
15.2399 73.9644 2
-72.0826 -54.1563 0
13.5965 -62.6014 1
28.2899 -26.3174 1
31.7545 -74.5195 1
-75.2842 -22.4095 0
22.4698 -79.9001 1
54.2693 60.9797 2
59.8397 37.5819 2
40.7917 -75.8917 1
-70.7351 -77.9177 0
53.6347 -16.9491 1
65.0639 -72.7951 1
36.9087 -45.5397 1
-76.7711 -40.3883 0
10.4461 -41.4994 1
24.6236 -76.6839 1
16.9033 -69.3084 1
29.1064 -69.2948 1
-63.1078 -59.0952 0
25.5063 59.7056 2
24.8511 -34.5352 1
63.2292 -54.7037 1
-61.0016 52.4414 0
52.7096 -83.905 1
-78.3489 -14.7224 0
68.8054 57.1051 2
15.9962 57.242 2
63.9337 37.3123 2
17.7559 59.171 2
52.5634 -58.1836 1
47.3224 -77.2786 1
56.8556 38.1908 2
-61.0395 -30.7015 0
43.4755 -32.4673 1
56.6708 -33.3487 1
41.0872 -46.9776 1
54.6766 -57.2691 1
31.0467 48.0033 2
-69.9614 -72.7369 0
-62.2722 -66.4677 0
-62.2635 -0.545993 0
60.6177 -78.3458 1
16.8477 56.2451 2
-65.2691 -86.964 0
32.2448 -17.876 1
-69.854 -19.5896 0
-69.261 -53.906 0
55.2942 33.9797 2
39.726 -27.0799 1
48.9438 -19.4221 1
-65.4338 60.8876 0
68.3134 64.3451 2
-57.4794 31.1544 0
29.3062 -75.6453 1
34.5277 18.2988 2
27.6912 -64.3208 1
42.0149 -78.462 1
47.718 24.2647 2
36.2656 -31.7624 1
28.1357 20.4706 2
26.4567 67.9991 2
36.6537 49.7546 2
30.0563 -24.0455 1
18.1698 -56.1791 1
28.5966 19.8051 2
33.5103 36.1472 2
49.0064 38.3579 2
57.2221 25.7755 2
-75.3547 43.374 0
59.0495 69.4043 2
-70.0854 -1.26443 0
-57.3837 -31.9578 0
29.1757 40.5367 2
-62.4229 -24.628 0
38.1313 -42.7304 1
31.0889 -79.5952 1
28.622 75.2918 2
43.1869 11.7591 2
26.7186 -21.8143 1
55.0957 61.2807 2
-57.9167 -57.3376 0
9.5738 -58.8258 1
20.5665 68.2157 2
-75.2744 12.834 0
-64.2394 24.6194 0
-66.3909 -16.3011 0
34.5365 -87.4795 1
-78.1217 -25.1544 0
47.4583 -67.8056 1
18.0626 30.2307 2
-59.4006 -19.0775 0
60.4838 -46.5725 1
30.0225 87.4179 2
13.8752 49.0987 2
35.5017 89.5853 2
51.6867 63.0534 2
43.2012 -25.3203 1
11.3466 -36.2399 1
26.6063 79.402 2
40.2566 50.5391 2
62.0528 23.1018 2
-56.6537 8.80118 0
-79.7785 -4.16784 0
54.9787 -47.2708 1
46.4575 62.9063 2
-74.4108 -56.7675 0
23.8657 44.833 2
35.4791 78.0487 2
-76.767 7.26546 0
68.1505 -49.2946 1
20.8832 57.3024 2
-73.4615 16.2929 0
23.2185 -20.408 1
-69.5481 19.1638 0
17.2518 68.6801 2
34.2209 16.7849 2
10.2381 46.0486 2
48.6768 -46.846 1
17.6823 -77.0076 1
29.5084 39.4587 2
-70.2058 10.8868 0
65.6559 69.7128 2
13.1927 -47.7875 1
42.0919 18.4828 2
23.1134 -66.1208 1
31.9079 52.9045 2
27.9525 -46.9215 1
31.3273 60.5201 2
-76.369 -55.8112 0
23.1558 -51.7729 1
-78.2797 -50.4914 0
-72.9572 10.6366 0
17.9332 44.8155 2
-58.0886 11.7508 0
45.1345 -67.4157 1
57.6341 35.3862 2
25.1402 42.6807 2
23.6491 35.6715 2
38.5672 -24.3734 1
60.1519 -60.903 1
27.3775 -14.5527 1
-65.8402 -66.9278 0
9.63191 39.6203 2
49.9153 -22.9857 1
-71.529 46.0423 0
-56.5797 -17.4576 0
-70.1179 -30.3376 0
42.1968 -86.1583 1
25.4362 39.3905 2
-74.944 -34.9911 0
14.3606 40.1786 2
-56.9981 -13.0562 0
56.1416 61.183 2
43.3611 48.4288 2
65.1966 32.6465 2
31.9349 -58.8386 1
-72.5421 17.9321 0
63.3715 -23.1862 1
42.3029 -69.9691 1
25.6368 -33.468 1
-75.568 2.15913 0
19.8383 17.9382 2
22.1366 -48.2278 1
50.2286 83.4796 2
31.4324 52.3554 2
57.8598 58.427 2
-70.6288 46.1558 0
28.3746 81.1807 2
33.8216 -30.2848 1
20.6592 51.183 2
25.7254 67.5376 2
12.3603 -44.8799 1
36.4323 -36.6399 1
51.3506 -12.9595 1
68.9641 44.5009 2
24.8202 14.6073 2
14.3651 -64.6174 1
28.524 -15.019 1
43.6752 -19.5482 1
41.9856 -78.3019 1
18.4761 -76.8638 1
22.1298 51.8053 2
40.0777 54.927 2
27.6987 -72.9625 1
19.2217 -23.502 1
34.4017 -31.7532 1
-72.0674 50.2517 0
-57.4011 -31.2318 0
21.7264 39.7377 2
51.2279 -35.4073 1
53.0338 74.5103 2
41.2845 38.8494 2
32.7153 -77.5796 1
52.7744 -81.4796 1
-67.1332 58.4192 0
61.6552 65.8329 2
65.7845 -32.1607 1
32.3995 24.12 2
45.1879 54.9214 2
38.8649 -83.3626 1
55.9454 -32.4816 1
53.0652 -48.8966 1
-73.4685 -23.4897 0
32.1657 33.2153 2
25.128 -44.5112 1
52.1891 48.3085 2
23.3963 -47.776 1
25.345 -59.2758 1
30.6725 34.568 2
-75.9572 -63.18 0
28.3983 -83.9845 1
34.8988 22.961 2
43.9111 60.0468 2
26.3422 -51.0674 1
-77.8722 -1.39724 0
-70.8473 -78.7095 0
37.0956 73.1411 2
30.129 86.5529 2
29.2661 83.7206 2
32.2132 37.6524 2
35.1346 52.3125 2
-68.3721 54.4214 0
66.0322 -65.0098 1
44.0202 54.3216 2
-65.5801 10.7066 0
7.53488 53.0457 2
30.6539 30.1226 2
58.397 -36.8367 1
31.0323 -22.4229 1
-75.8298 -54.3081 0
-62.8806 -15.6731 0
64.3623 34.865 2
35.5554 -81.5615 1
17.1229 39.6148 2
-76.576 -13.6029 0
65.2942 72.6017 2
-60.1829 -65.4304 0
-58.1494 -58.5036 0
23.0771 38.5671 2
-72.4827 16.1006 0
66.3769 44.7508 2
66.9926 40.2994 2
66.7742 -43.0134 1
29.22 24.7594 2
25.7983 57.2447 2
27.0805 -16.3143 1
38.0825 -64.0269 1
64.5631 53.8733 2
55.2558 40.7342 2
27.0793 49.6103 2
51.2416 -40.839 1
-56.7047 -7.75449 0
29.6738 87.4467 2
-75.9841 -26.3737 0
37.0955 54.5677 2
11.3095 38.5596 2
34.0226 57.072 2
52.463 51.0827 2
-73.4431 -33.8138 0
66.652 49.1997 2
25.4724 -81.8335 1
-67.609 35.5164 0
69.5248 67.3547 2
32.9524 -33.1386 1
20.3419 -37.7886 1
-68.8035 39.89 0
18.6002 -76.1387 1
46.936 47.6648 2
40.941 25.7544 2
50.2013 41.2413 2
26.7723 -39.7445 1
40.8431 -22.1566 1
11.1541 38.339 2
59.2507 -20.4269 1
14.6898 -63.1681 1
16.6193 -29.9936 1
36.9131 57.7496 2
10.2079 -62.0552 1
49.4592 79.7378 2
30.6755 30.032 2
-60.2387 25.3137 0
52.2231 32.823 2
57.8503 52.4511 2
35.4535 69.2346 2
-54.3982 -29.5033 0
-75.7518 -49.6969 0
51.0271 15.9566 2
31.8014 -34.6243 1
-55.7308 0.308154 0
-72.5217 1.43213 0
-75.8344 -52.3512 0
57.6035 23.543 2
-60.9522 -52.9816 0
-62.1931 -14.4149 0
64.1804 -50.5682 1
55.0497 53.8088 2
40.2277 26.7699 2
-68.4878 -81.116 0
28.5543 -23.6402 1
-59.6874 -28.9322 0
47.3273 47.9048 2
68.8499 46.4344 2
-58.8875 44.7701 0
67.1741 -54.3708 1
43.5579 -20.1791 1
40.3598 12.8929 2
-62.5635 -30.6775 0
34.9455 -47.5643 1
33.4471 -78.7219 1
-74.5999 43.0925 0
16.981 -29.5285 1
65.8923 -29.7452 1
-74.5301 -65.2372 0
23.4823 -38.5547 1
45.4166 -69.1815 1
25.5885 -59.2368 1
-60.5767 -77.9143 0
69.9118 -54.0876 1
29.9902 54.3289 2
-60.374 -35.4589 0
33.3363 -23.4549 1
23.6627 -75.3227 1
28.5387 -81.993 1
51.6549 60.0448 2
14.1723 31.1935 2
35.4741 20.365 2
-76.5858 -12.4429 0
-75.7016 11.0363 0
-78.9684 -26.3697 0
18.0137 36.7074 2
-62.4441 45.8533 0
27.5687 83.9515 2
63.6027 49.3604 2
32.9324 43.1777 2
29.2164 27.5736 2
45.8432 -61.971 1
11.215 47.0901 2
-62.0058 -41.4037 0
66.3198 46.4093 2
29.5986 46.0904 2
34.4249 -51.4267 1
50.6225 -33.0194 1
33.9869 -20.6692 1
-70.2839 -74.3503 0
58.9379 -24.8838 1
30.5406 63.7328 2
46.2951 -79.977 1
65.1706 -38.4305 1
58.164 -36.8254 1
54.1894 -78.2591 1
19.9851 39.0681 2
6.6243 51.0804 2
29.6699 -56.5488 1
-78.0177 -15.2874 0
-56.45 -4.3237 0
18.7422 39.3057 2
18.4971 -76.3774 1
11.8232 -64.8147 1
27.2515 -34.943 1
50.8357 34.3667 2
40.0526 -56.2914 1
-72.2026 -26.6437 0
-76.7688 31.9913 0
42.3976 -33.3536 1
-71.0908 24.2379 0
33.5988 77.8169 2
67.2776 -32.0418 1
36.9787 -39.0085 1
54.0112 -34.4011 1
19.8272 80.4488 2
64.9119 -44.1647 1
33.3351 60.744 2
-70.1849 41.2551 0
46.5845 -31.0492 1
55.6831 79.4244 2
27.8 78.8454 2
-63.148 -40.3879 0
56.8209 81.3441 2
25.2594 -66.6145 1
45.9437 72.4974 2
45.0712 81.1286 2
38.9578 -39.9947 1
-67.7698 -1.51068 0
-73.9174 -28.6612 0
26.946 -74.7502 1
46.9572 -78.2589 1
64.9541 -39.9227 1
62.4525 48.0141 2
49.6277 -64.9973 1
52.7733 79.8541 2
66.0441 -34.5947 1
50.6812 -53.2755 1
-75.7669 -46.1035 0
24.3668 52.9628 2
44.5837 -13.6483 1
-71.5924 -39.9603 0
52.4996 -22.458 1
19.2633 53.54 2
42.133 40.2254 2
-55.1722 -0.154044 0
18.9649 43.421 2
66.5651 -31.9874 1
20.5522 78.055 2
39.8505 -79.176 1
53.9886 67.1031 2
-73.594 -43.9267 0
53.4498 -41.4238 1
42.5539 -22.6099 1
16.2812 -33.9352 1
19.0796 64.8351 2
34.4862 37.3316 2
63.7518 -47.4345 1
54.2847 -14.7078 1
22.4089 -48.8438 1
-56.4118 12.8289 0
48.7639 71.7456 2
56.4288 63.7238 2
39.1271 61.0576 2
9.32467 -47.6212 1
50.3788 27.3664 2
45.5684 78.764 2
44.6925 35.3837 2
-76.4642 -38.6425 0
-66.8762 -12.529 0
49.5471 -57.3183 1
30.4219 -56.4835 1
26.9974 13.7143 2
50.9506 -79.205 1
36.6121 82.0703 2
-59.5627 30.8009 0
-72.6791 -30.5954 0
41.1856 -62.882 1
44.4375 -65.6322 1
29.7144 34.3749 2
-70.3145 -52.1256 0
-61.3113 -36.6908 0
-60.0641 -34.7717 0
17.6408 57.4593 2
27.754 -45.2664 1
-58.9318 -63.9775 0
26.8061 41.3825 2
32.6611 -83.2852 1
33.4317 72.8997 2
-64.039 -22.1927 0
17.427 42.4892 2
31.2819 42.8575 2
37.7644 58.3341 2
55.3296 14.5318 2
33.9809 -63.6145 1
12.2435 -32.4654 1
41.6771 -29.3121 1
47.3537 -70.2636 1
-59.2618 -26.1767 0
25.0244 -80.8844 1
36.0188 -78.5243 1
-55.9235 -46.5549 0
-74.8397 -8.15522 0
35.537 -61.4783 1
-70.1416 18.8284 0
38.1715 -48.2566 1
41.7334 52.1091 2
67.7698 58.2216 2
-58.1622 -41.8716 0
50.0236 -63.1948 1
27.8342 52.6462 2
25.133 42.539 2
-73.9398 -39.8145 0
25.2583 -58.4509 1
35.2505 -62.4934 1
42.2445 -51.0942 1
-65.1849 14.3146 0
27.4222 -29.2429 1
37.0674 15.1567 2
-69.8856 -4.41226 0
61.2956 -30.1695 1
48.8005 14.9513 2
25.6663 -20.4813 1
15.4934 -48.3025 1
35.9175 -44.1203 1
50.2616 37.469 2
71.8131 51.9609 2
62.1273 -52.5975 1
-71.2843 -3.2069 0
-74.6664 29.112 0
-74.5215 -47.2188 0
13.3105 -68.8884 1
-65.3667 -48.896 0
60.928 67.4378 2
72.1564 37.7291 2
66.561 -56.7882 1
-69.5007 -2.93236 0
-65.52 -75.1674 0
-68.4166 -27.6165 0
-78.3358 23.7565 0
-75.6317 -8.57755 0
41.4005 -43.6355 1
-75.3579 -28.5492 0
50.308 78.4153 2
41.923 79.6555 2
-59.7881 -52.9378 0
33.7105 77.3955 2
15.5143 49.8049 2
42.0737 50.2988 2
23.0504 83.887 2
53.8382 -64.9619 1
25.093 68.4637 2
39.3365 -58.4763 1
38.0791 -21.8572 1
-56.0017 4.70544 0
31.7631 -73.0073 1
42.4636 21.4249 2
46.7997 11.9529 2
40.7553 54.5108 2
66.0072 -50.655 1
40.9023 81.8776 2
42.6032 -82.3626 1
41.3986 38.3948 2
-69.8464 28.3228 0
-67.6238 11.3034 0
18.965 48.183 2
42.447 18.4021 2
14.4073 -73.1497 1
-76.6169 2.07327 0
62.3486 -72.3105 1
15.2808 22.944 2
25.5735 27.166 2
35.2215 -15.8449 1
59.0793 -23.1463 1
63.5594 27.5098 2
19.3429 44.1069 2
-59.267 -7.47384 0
12.528 -58.9516 1
60.5047 -57.0472 1
-72.0036 -66.9706 0
10.9546 65.0767 2
31.7407 16.9899 2
32.8258 -72.8839 1
38.5438 -17.6552 1
50.6204 52.1069 2
26.8892 43.6231 2
39.0886 75.8642 2
53.0284 66.3191 2
-68.6875 -51.0534 0
39.4163 -20.793 1
42.6325 88.027 2
23.9686 80.8203 2
30.201 -64.0645 1
60.0836 65.1361 2
61.3177 36.177 2
44.1323 -57.8988 1
-57.2197 -21.121 0
12.6862 -49.8939 1
45.4666 -30.557 1
-60.5917 39.9692 0
41.218 13.8808 2
57.2031 -76.013 1
56.0372 -65.8241 1
-68.1052 -61.1025 0
39.84 48.272 2
-77.898 27.7988 0
48.9378 81.4486 2
51.4423 -35.3952 1
52.2881 66.304 2
68.5675 31.3828 2
43.4398 -40.5099 1
-63.633 -5.55118 0
16.7984 27.6301 2
58.0515 56.4413 2
49.3649 -79.5504 1
26.0272 -27.9475 1
42.111 84.0374 2
42.8868 67.7608 2
29.6712 -14.5178 1
25.3798 -85.5678 1
-77.5926 -11.8304 0
-65.0701 -58.4364 0
-68.7739 -37.2586 0
37.7668 -27.957 1
-55.8393 -34.3607 0
-73.0009 -17.8286 0
27.1619 27.4478 2
-57.12 -37.7615 0
-79.9415 -18.3337 0
66.7222 59.0321 2
65.1398 38.213 2
-60.7086 37.6454 0
46.3916 -82.2469 1
50.299 29.2798 2
-63.8068 32.1702 0
61.2804 36.4942 2
26.7638 24.7193 2
-54.8497 -30.6234 0
54.4155 -39.1214 1
18.3993 47.495 2
26.5379 68.6407 2
18.9924 -33.8764 1
11.2583 57.5696 2
48.3297 53.2597 2
42.414 18.424 2
62.6988 23.812 2
44.8641 35.532 2
23.127 81.126 2
45.0186 -71.971 1
53.9715 14.093 2
67.3901 32.5076 2
-60.4265 -69.221 0
29.4547 -34.5241 1
45.0354 13.4439 2
-70.8683 48.3953 0
-72.7744 -12.3474 0
60.5805 -39.0246 1
-58.319 12.7822 0
12.987 -61.1388 1
49.752 71.9394 2
-77.179 -16.3396 0
24.9145 61.6372 2
54.7473 24.9924 2
59.2413 80.7664 2
37.1838 88.0366 2
19.4392 36.6163 2
25.3092 80.1375 2
9.47675 -61.0418 1
34.7363 47.1272 2
69.6549 65.0573 2
26.1547 45.8199 2
16.7853 42.5478 2
50.1262 86.167 2
-70.0213 -52.5756 0
25.225 73.4879 2
-59.6584 -18.5813 0
-58.1465 2.53091 0
-69.3541 31.5289 0
43.0817 76.658 2
65.18 23.5927 2
25.3758 64.6189 2
61.99 60.3344 2
53.2383 66.2105 2
-60.4914 -72.5415 0
61.8481 -74.4483 1
-76.5716 -55.0981 0
24.6699 20.4865 2
52.8651 -69.3522 1
15.5634 49.8606 2
-72.5621 -64.3334 0
48.2085 -31.5078 1
-72.3962 -70.5745 0
25.2049 55.6462 2
-76.3892 34.1085 0
42.5493 -28.4409 1
41.8662 -87.9413 1
-57.4702 -31.0816 0
44.863 70.0261 2
19.3775 -73.3309 1
12.218 -37.0182 1
-57.8642 -38.578 0
39.6732 -20.046 1
25.049 -64.8461 1
33.6066 81.3389 2
20.98 -65.892 1
-62.1683 -40.8655 0
36.1099 -63.8782 1
-73.907 -13.056 0
64.0127 -40.5999 1
-68.1789 17.8384 0
31.9775 87.5897 2
-58.1207 4.8819 0
-64.708 43.5912 0
-67.7272 38.4607 0
-74.0522 -53.8016 0
59.0697 -51.7031 1
47.5359 -75.1575 1
-76.9794 13.0658 0
49.3878 -69.634 1
71.646 46.4617 2
62.4205 19.9762 2
-65.3985 -0.908763 0
64.6348 -38.6855 1
67.7215 -59.9414 1
-69.6491 -39.1304 0
43.3332 21.1794 2
27.6576 43.5781 2
13.4196 -28.8354 1
32.8001 -74.2276 1
56.0792 28.6986 2
69.7315 45.1182 2
42.357 -36.8554 1
47.5673 -50.2637 1
17.1571 71.7591 2
27.7352 -33.4467 1
-63.162 3.09056 0
25.9146 41.8885 2
-58.2315 32.8733 0
40.1594 36.547 2
-70.7554 37.2295 0
34.9093 60.9195 2
30.1354 -84.5246 1
19.9044 -52.9472 1
64.6467 -49.3746 1
16.8558 27.1275 2
-69.9088 8.26336 0
64.094 -24.8005 1
-62.4624 -59.1972 0
-75.4792 -32.7186 0
71.3267 36.3996 2
56.7641 36.9812 2
30.7299 -18.7743 1
28.4389 46.0609 2
-73.8621 -31.4807 0
-71.9012 -42.1122 0
54.948 63.638 2
63.2124 38.6414 2
30.8603 -60.0362 1
9.95617 59.4674 2
12.233 -66.0176 1
49.0655 -27.9774 1
31.2141 -57.894 1
51.375 34.2096 2
34.8018 85.5258 2
51.1041 -14.8704 1
39.0293 -59.8097 1
26.8506 -74.8621 1
47.5006 -41.7139 1
45.699 56.9196 2
67.4408 59.8399 2
40.0869 -75.9892 1
60.3572 -75.448 1
21.7448 76.8894 2
-58.1774 14.0083 0
41.587 22.4762 2
55.8746 -42.2156 1
24.2229 22.3307 2
23.9183 -50.9756 1
52.2591 -20.7426 1
-74.5753 37.8994 0
-62.5749 3.25101 0
53.0988 -51.7066 1
55.2158 73.7636 2
11.6079 -51.9226 1
16.5498 -50.9768 1
7.74615 49.8185 2
37.2051 62.8927 2
21.9237 28.4503 2
24.8344 16.1795 2
26.0483 60.7729 2
35.074 -33.3313 1
60.7432 30.3628 2
52.9122 65.4116 2
37.0939 52.3568 2
6.60511 48.5066 2
69.5384 33.8108 2
29.5633 -12.2251 1
-76.2278 -57.1818 0
-73.8859 1.70013 0
70.9608 45.3464 2
27.7297 -78.8983 1
-71.1917 -40.5846 0
-62.8195 -41.1998 0
66.7574 33.3427 2
15.4448 29.5804 2
47.0252 16.9918 2
42.8017 -83.214 1
38.1835 -30.9539 1
35.1926 65.2406 2
-59.5836 7.34894 0
-64.4717 25.5028 0
-77.7473 -46.4554 0
-65.2966 12.1301 0
21.0393 -20.5722 1
34.7213 -57.5272 1
27.9481 52.0922 2
19.4305 71.9289 2
-74.3836 -68.8168 0
57.925 -32.664 1
-55.0337 8.30975 0
-73.6498 25.8286 0
60.8748 -77.0121 1
59.0176 -80.4066 1
46.4634 -11.9652 1
39.8938 55.7942 2
39.22 16.4618 2
-55.3847 -25.9925 0
66.6646 54.1522 2
46.8301 88.4241 2
45.0355 -73.0921 1
-59.2351 0.0223775 0
62.6471 32.8412 2
56.4417 -62.0089 1
39.5505 36.3473 2
69.8921 54.4311 2
-65.3607 24.3452 0
39.4215 37.216 2
47.1902 54.7175 2
41.807 67.7356 2
55.4145 15.8542 2
40.5069 -69.0981 1
67.6234 48.5861 2
38.9762 46.2157 2
45.8965 -20.5546 1
-61.0921 -78.3889 0
-72.9598 49.4986 0
70.5496 -54.1312 1
24.6984 57.3558 2
20.9384 56.8112 2
58.5656 20.1335 2
24.5565 -40.3577 1
46.5094 11.0074 2
11.3164 -51.7196 1
47.0194 86.4859 2
11.4113 29.0364 2
27.6345 -61.7514 1
57.9073 52.3271 2
35.3318 -49.2166 1
22.5647 -73.4783 1
20.7442 25.7068 2
-71.1239 35.9415 0
28.1342 -69.8027 1
-73.9638 -37.3731 0
-72.6618 -30.3901 0
-74.0987 44.5364 0
-78.3177 -37.2834 0
23.5452 28.5767 2
43.8812 35.5088 2
46.7578 45.1736 2
41.0355 -36.408 1
43.2592 -88.0597 1
60.9108 -62.8149 1
-67.7026 -16.8988 0
32.9941 33.4999 2
-65.3467 26.3931 0
43.4295 88.1818 2
54.9624 44.9634 2
24.8489 -53.9815 1
51.4239 -80.3173 1
16.5954 49.1896 2
31.3283 48.9024 2
36.979 -77.7441 1
66.8905 -69.8338 1
-63.1471 -17.5871 0
44.9283 47.3738 2
33.4675 16.3135 2
-66.1744 -12.5512 0
-74.7673 -29.6354 0
58.9139 -76.8746 1
13.117 -69.3892 1
-66.2972 -45.5004 0
-61.2594 0.18176 0
16.0043 45.0959 2
14.4506 49.1615 2
53.734 -27.8566 1
61.3864 79.4757 2
47.7274 -72.2119 1
41.7699 -29.4004 1
-77.2555 -24.0309 0
40.2563 -28.7784 1
56.4325 66.1102 2
-75.9268 22.572 0
15.6995 36.5037 2
-68.3736 -30.7916 0
67.3266 55.8606 2
47.657 63.6883 2
-76.3881 -4.45421 0
-57.6279 34.2375 0
50.0267 51.421 2
61.8919 -27.247 1
61.1035 -35.434 1
20.9399 -53.0695 1
15.9712 -67.3915 1
55.6119 -39.5656 1
61.5794 -29.3563 1
-74.2907 20.8768 0
-66.6927 -80.6556 0
-59.3909 -31.6452 0
-57.7352 -9.3785 0
29.8151 -39.3122 1
-70.0203 -30.6928 0
42.9666 57.8222 2
11.2012 34.369 2
-78.8523 -31.9695 0
26.7516 -47.4796 1
35.3279 -54.2768 1
28.7335 -64.841 1
35.416 66.4535 2
-59.9232 6.76265 0
29.4447 46.502 2
21.5035 67.967 2
54.7177 20.9337 2
50.6228 49.4636 2
63.0871 56.0216 2
31.7999 -27.3841 1
26.3276 37.4329 2
55.1762 -17.1418 1
8.25878 -51.9125 1
-71.4902 39.7231 0
30.2854 69.8367 2
34.8539 53.0974 2
46.8867 -68.6369 1
47.338 44.0481 2
45.5696 -54.511 1
-79.0951 -19.9924 0
22.5257 -69.3497 1
46.4495 -47.903 1
41.4106 -11.0746 1
54.7598 -29.6109 1
60.8963 -32.4872 1
-67.7538 33.1324 0
-70.4742 -83.386 0
-69.0301 13.2543 0
10.9416 70.5314 2
-65.5812 -7.7569 0
-71.5273 -64.7976 0
48.7727 -21.6467 1
59.9191 62.8237 2
53.92 44.8082 2
-72.7074 43.8797 0
64.0633 -52.4382 1
-59.2958 17.1188 0
-68.3137 -56.1486 0
40.7752 23.7485 2
10.6277 56.8951 2
19.3167 -39.1342 1
-74.7029 -46.8816 0
-70.2929 35.6576 0
30.1969 51.2163 2
63.3933 -52.9528 1
40.091 73.4064 2
58.4067 -59.3671 1
26.4544 -79.7901 1
-60.3985 28.0339 0
-63.7991 -29.367 0
40.1523 67.4669 2
56.639 50.7898 2
43.1634 39.6269 2
-63.0505 -66.2629 0
38.3172 14.888 2
58.1974 74.1914 2
64.6693 -50.8191 1
55.1707 -56.5683 1
46.4263 -75.9637 1
-56.312 9.45193 0
20.3506 -23.7217 1
22.1834 55.0449 2
19.2052 -27.4011 1
58.2603 45.5743 2
-56.0075 2.22369 0
66.3277 72.9824 2
32.2077 -19.988 1
65.1286 -38.4515 1
51.4645 -51.5194 1
47.411 -46.0505 1
28.5475 40.2127 2
9.79036 -58.3418 1
58.463 -53.4282 1
-73.4349 -42.5318 0
-65.8306 -62.0437 0
41.3697 -11.4418 1
64.0184 38.4158 2
46.0069 -29.7488 1
49.5559 76.9164 2
36.7977 88.9414 2
26.6948 60.5631 2
38.6747 -59.2748 1
27.5953 -80.9286 1
51.1502 77.2921 2
-74.2708 45.1181 0
23.6714 62.2839 2
32.9612 61.1344 2
55.1842 45.7893 2
-66.237 -23.2964 0
41.4073 82.6129 2
-65.0713 -80.5449 0
-63.8561 -41.0486 0
54.7217 49.0887 2
15.2869 -47.3577 1
67.8485 56.4518 2
9.82023 48.3126 2
68.0411 -41.053 1
22.504 -39.0569 1
47.2295 67.6197 2
33.6358 -23.8221 1
-57.1795 16.3262 0
-63.521 -29.1365 0
47.7783 -30.6898 1
20.0391 30.11 2
60.4706 -55.882 1
60.6388 -79.0521 1
37.4822 -82.3798 1
37.4193 61.9357 2
25.9017 -70.7559 1
-79.6093 -25.819 0
26.4345 41.1984 2
37.8163 -47.5078 1
15.0214 -72.3277 1
27.122 63.4337 2
67.9237 -35.038 1
-55.7729 -19.0421 0
-68.0303 -11.2425 0
49.6886 -32.4184 1
-73.7173 -52.0064 0
56.088 56.7587 2
42.7998 -22.316 1
-76.9333 -18.1335 0
47.0433 43.9452 2
47.0811 -53.71 1
-73.483 -21.8914 0
37.4296 -40.7541 1
34.4782 49.3964 2
23.2299 46.8994 2
-74.331 -14.8944 0
26.6737 84.0811 2
-65.9814 -47.529 0
59.279 -73.1147 1
45.0697 84.8639 2
50.0345 14.2164 2
-66.0432 36.3725 0
-72.3123 -33.6993 0
-64.819 -9.43557 0
22.6276 42.2579 2
60.5379 66.704 2
17.6096 -52.6399 1
13.1747 56.4542 2
-74.9833 25.2724 0
-67.1954 -8.71808 0
-75.9166 34.6818 0
48.387 -15.3606 1
34.7474 68.0095 2
62.7322 78.5043 2
56.1397 -34.5345 1
-73.8417 -39.5342 0
50.3777 -29.3497 1
-70.9857 -34.3302 0
-60.1182 -27.4231 0
56.4512 -47.2668 1
-62.345 -65.0727 0
41.8592 15.2479 2
19.23 -79.66 1
-63.6374 -30.6265 0
63.5517 36.8156 2
61.1943 -32.6792 1
64.4715 37.2087 2
-70.3377 -71.9768 0
-61.4862 47.9842 0
54.1229 15.7117 2
-74.0479 16.3399 0
52.3481 65.3035 2
12.8115 71.2375 2
42.0092 -61.4708 1
58.0762 -26.4799 1
62.5772 -51.0084 1
-62.2707 36.6987 0
68.5665 -32.1376 1
33.4982 -40.7627 1
53.7614 58.685 2
-58.4823 -48.911 0
21.7766 -18.7416 1
41.4213 72.1962 2
-67.1742 18.7736 0
26.9956 -52.9514 1
45.014 51.9346 2
-62.8661 -14.2595 0
39.7317 85.3777 2
53.9954 -53.4523 1
22.6957 83.2507 2
49.2493 73.3579 2
-66.8131 -59.8818 0
13.0991 -41.0202 1
45.111 -54.813 1
55.0584 -40.7682 1
54.6278 -15.7732 1
48.9239 50.4928 2
26.4586 -16.3203 1
15.2887 -31.7721 1
58.9246 -33.0935 1
-72.8643 -73.6922 0
-70.0983 53.9245 0
-70.6004 29.1946 0
51.4128 71.0678 2
-76.1219 -48.2791 0
17.0316 -39.0134 1
-72.456 -9.1047 0
20.0835 56.0268 2
54.265 65.4109 2
8.01274 62.6506 2
23.7907 24.3406 2
-72.72 -4.09097 0
38.8323 28.1471 2
-69.0657 30.4734 0
26.8136 15.959 2
49.1757 18.1876 2
-57.5084 -47.2364 0
43.043 -51.372 1
-56.2171 -17.6692 0
65.3337 -38.8059 1
16.5294 -44.2358 1
12.2416 -44.5767 1
29.2363 73.3896 2
66.9522 39.2149 2
-75.1957 -70.9586 0
45.2622 34.6964 2
22.5533 -18.1145 1
52.0557 58.0667 2
-71.6815 -29.982 0
-60.7295 -14.8277 0
16.1556 34.4554 2
-75.0733 -46.0383 0
49.3439 -27.2231 1
48.6965 -27.7547 1
33.5672 -41.8762 1
20.8541 -44.8907 1
18.9175 50.1871 2
30.0931 -87.4104 1
39.1883 -78.1742 1
-62.4447 -14.6179 0
42.2873 -66.2218 1
55.5533 -71.6117 1
35.9212 31.6645 2
42.2867 -44.1512 1
31.1075 12.3216 2
47.76 65.9201 2
-54.6126 -32.9692 0
52.0206 73.9215 2
34.8524 78.5761 2
71.3416 36.7151 2
-70.944 -35.557 0
-77.2384 -11.2914 0
-74.4126 37.1684 0
23.2658 -61.6498 1
30.6958 84.9052 2
55.3803 -52.9053 1
35.6196 32.1385 2
19.0918 -52.1368 1
63.8448 56.4783 2
38.0714 75.8963 2
-72.0707 15.0186 0
-67.1701 36.1798 0
-58.1033 -68.1455 0
-63.2007 11.1847 0
36.2877 50.676 2
19.6142 28.5971 2
46.1874 80.7527 2
-67.4564 51.5268 0
28.7403 -17.0333 1
35.4187 49.3187 2
50.9734 -14.5925 1
14.4283 -52.321 1
-65.8604 52.9625 0
-56.7896 -49.6008 0
-67.3934 4.81654 0
-71.9082 11.5942 0
42.8258 -82.1178 1
31.3621 29.4982 2
44.6052 -77.3882 1
35.5013 34.473 2
-74.8029 45.8102 0
27.5682 51.7831 2
40.6933 -40.4064 1
19.9573 -45.1016 1
-62.2608 -31.294 0
59.1027 47.7015 2
14.2148 -65.6285 1
36.7552 50.3232 2
24.4511 30.0563 2
54.0597 59.3756 2
-67.2718 -0.721166 0
30.9992 -28.7157 1
43.1878 22.819 2
-64.4918 -27.2732 0
-59.6131 -56.432 0
-70.3454 -19.095 0
31.0412 -26.316 1
19.9876 -50.6282 1
56.1042 46.1282 2
-79.8597 -9.18071 0
38.1229 25.8751 2
-70.6584 -0.993764 0
61.2748 -61.5988 1
-65.3938 4.39819 0
-75.9657 -30.8337 0
-56.9243 31.6404 0
-58.6885 -55.7885 0
59.4275 -36.8344 1
63.7975 75.9711 2
-59.3646 -11.5351 0
31.859 -74.8694 1
23.08 -27.8039 1
70.4929 51.8052 2
-58.8875 3.33299 0
37.9904 53.4237 2
-59.0937 -67.3862 0
-72.8974 -54.0856 0
-62.7011 -62.8868 0
25.0186 -41.2174 1
-61.0797 -46.747 0
48.0534 14.0258 2
23.279 -27.6269 1
54.9896 -84.4504 1
58.8055 40.142 2
31.9933 57.4602 2
19.1707 -21.9206 1
67.3318 -69.0008 1
31.1201 -59.4945 1
56.0433 60.9552 2
15.3429 56.8065 2
30.5047 -63.9951 1
16.8841 -38.181 1
63.5504 -46.0209 1
43.6396 71.3458 2
-75.9736 -67.4208 0
-75.3752 25.4362 0
16.0085 -47.7023 1
49.0921 63.8973 2
-70.6746 1.35566 0
-66.3424 -71.3684 0
-57.4501 -62.9658 0
15.6177 25.0638 2
-70.8873 -8.75865 0
13.7781 -46.2875 1
38.052 26.4577 2
25.9828 47.5984 2
12.5056 42.7447 2
60.8539 57.1716 2
33.2713 84.8133 2
33.3617 -51.0269 1
61.732 52.6627 2
24.0638 -31.8573 1
40.1957 -48.9445 1
10.9688 69.5147 2
52.3833 -77.1389 1
54.6494 63.4413 2
-71.9508 2.38463 0
-59.2468 41.625 0
52.0579 66.457 2
-69.2473 -35.0966 0
21.3313 -67.5233 1
61.6461 -45.9917 1
40.1014 85.8822 2
40.7686 -76.0762 1
15.8669 73.1662 2
46.9715 -24.5249 1
-76.79 -35.1996 0
-72.8129 31.7198 0
-68.2212 -0.139056 0
64.9434 41.026 2
-67.169 40.7022 0
-65.0987 -54.8781 0
-56.5556 -25.5279 0
58.7372 24.012 2
10.0806 63.7958 2
45.3962 64.8205 2
65.3482 -71.0793 1
67.4375 42.0864 2
-54.2645 -13.7726 0
-68.0225 -11.1802 0
59.2616 -41.7808 1
29.2519 19.2839 2
28.3212 79.2442 2
24.5606 -60.4385 1
44.8298 -12.5871 1
47.0912 -81.068 1
-63.4175 -58.4719 0
60.0098 71.1808 2
58.7922 -66.9116 1
-60.9579 -53.4914 0
69.9083 -63.3379 1
-64.6315 -78.6315 0
-65.1181 -27.8986 0
51.0607 58.5855 2
62.3002 -29.0439 1
-68.279 14.4459 0
31.3916 36.2293 2
-70.365 -86.1331 0
14.328 -56.0212 1
-60.6805 24.7142 0
16.2697 -45.2926 1
54.7297 61.3403 2
32.3851 -17.1398 1
66.021 64.8261 2
26.2861 54.5031 2
43.8033 -21.9572 1
-62.1085 -45.1465 0
35.4719 25.1341 2
48.8057 88.1816 2
35.3422 -70.1233 1
34.3606 67.1119 2
-67.7876 -60.6516 0
12.2923 48.5986 2
-57.0979 -32.1936 0
-68.6239 -10.319 0
43.3134 24.245 2
-64.3412 -30.6185 0
35.0154 38.5896 2
29.5115 -81.1462 1
-66.8522 -55.6702 0
24.0411 80.0599 2
-68.8987 -9.71668 0
40.6247 -50.2849 1
23.0751 -34.8589 1
-56.4787 -19.8574 0
-54.2479 -26.4795 0
-66.6193 26.0382 0
25.338 72.6913 2
13.8806 46.6349 2
-76.3901 -52.67 0
14.5279 -39.1488 1
-76.7729 -50.215 0
37.3774 36.3349 2
44.4419 -47.5014 1
-62.2299 22.2288 0
45.3653 -87.1517 1
54.7815 -61.4635 1
-71.2546 -6.65135 0
27.5219 -30.248 1
34.4015 -74.6543 1
65.0416 35.1584 2
-75.1231 14.4656 0
-75.2039 35.0655 0
34.1197 -60.9348 1
10.722 53.7253 2
52.7618 57.6445 2
30.1983 84.4144 2
38.8065 -68.2277 1
49.174 84.9032 2
37.5531 -32.1131 1
36.4165 -87.6837 1
64.7958 -48.9698 1
13.2698 -63.8989 1
11.3525 32.1724 2
42.8564 57.8711 2
16.26 -46.195 1
-69.7495 -71.2196 0
37.2969 79.4693 2
-67.3692 -48.5224 0
47.7474 45.203 2
57.8394 61.1027 2
-62.584 -48.0678 0
-68.7374 -75.4145 0
-63.6053 -44.3168 0
-62.2116 -3.31159 0
29.155 38.3793 2
66.6201 68.458 2
15.4634 -57.2529 1
16.108 70.3971 2
-54.1422 -7.86565 0
23.3035 58.1632 2
68.2125 -40.6218 1
19.1389 -52.712 1
21.4144 -54.902 1
53.1438 -62.3084 1
37.1986 -84.3417 1
26.8925 84.1451 2
32.1658 20.7548 2
52.7593 -86.6498 1
72.5894 41.6244 2
60.5131 -34.6682 1
57.7013 59.2534 2
-74.9529 -60.9176 0
66.5171 74.7528 2
-69.6509 -76.2382 0
17.7195 -49.5021 1
-69.624 54.6328 0
21.5119 74.6082 2
32.598 -44.3817 1
-59.6244 13.3215 0
14.6196 42.0323 2
27.0945 -48.29 1
33.5083 -64.1862 1
48.2861 -70.7168 1
32.5873 42.53 2
15.8273 -57.9752 1
39.2653 -40.8005 1
53.4139 -74.9595 1
31.1329 81.0257 2
31.3988 -64.1459 1
41.5103 38.2158 2
7.21368 39.7195 2
-65.0802 46.5868 0
60.389 30.5949 2
24.3436 -72.6705 1
-55.8753 18.872 0
20.5748 -40.6213 1
33.8229 -47.3662 1
-74.3295 38.7377 0
48.5753 34.0655 2
59.9832 52.8332 2
31.3232 -54.9072 1
35.7843 -41.4424 1
49.2052 -35.8139 1
27.9699 59.9566 2
51.8162 -66.8106 1
-66.4251 -87.6135 0
32.9746 -31.5782 1
44.864 13.5912 2
22.6053 33.9113 2
38.1786 16.7448 2
20.9716 27.1681 2
14.9717 -73.9131 1
65.7212 24.1035 2
12.2887 -44.2588 1
-60.9388 37.557 0
38.0587 14.8022 2
33.8451 50.7937 2
34.1571 -41.8683 1
58.9697 -47.3064 1
42.7165 54.4408 2
-71.7166 -58.5238 0
34.4002 24.5731 2
58.8945 19.8914 2
66.3959 44.9186 2
-62.4094 3.56987 0
35.0918 24.5675 2
52.5007 85.3918 2
61.8813 -27.3058 1
38.4282 34.0887 2
54.187 22.7346 2
73.1812 57.5927 2
-69.2001 -86.2469 0
-71.097 -46.7747 0
50.984 14.8009 2
25.0907 78.6474 2
69.609 -38.5095 1
-63.505 -60.3763 0
-78.1131 -26.176 0
-55.9136 -1.15971 0
-59.6942 -40.1248 0
55.4577 15.8349 2
49.2602 -69.3768 1
18.2499 -22.3343 1
48.6435 87.7316 2
25.8639 82.2802 2
-65.8299 24.8725 0
30.1345 22.9092 2
55.0754 -71.2131 1
45.2194 -30.0054 1
40.1896 -62.1937 1
-74.1898 -56.0607 0
14.3874 39.7529 2
-69.8375 47.5324 0
58.0791 44.4788 2
25.8179 -65.0699 1
29.4052 72.7446 2
-68.1165 -82.8379 0
33.9113 -85.4941 1
16.897 55.9429 2
65.791 61.0234 2
45.1704 -32.856 1
67.5713 61.5304 2
53.8218 47.0961 2
21.2978 -58.2724 1
51.3399 -84.1505 1
51.4455 -66.1192 1
15.6629 -58.4138 1
57.5076 23.1145 2
61.1814 73.3891 2
63.2237 63.7934 2
69.7244 43.8925 2
39.6738 -32.8669 1
23.3523 -20.3209 1
22.4505 56.932 2
-73.486 -14.5416 0
50.6716 -48.9401 1
57.4964 26.3542 2
-73.1845 -45.607 0
-67.2325 -71.8912 0
54.4508 -45.9708 1
29.5722 33.2847 2
48.2593 73.3638 2
39.1669 -26.8084 1
64.0894 -74.3426 1
62.6608 -39.9066 1
64.2887 71.3064 2
-56.2528 22.3478 0
36.6763 39.9647 2
14.4172 73.9871 2
15.4692 -43.9745 1
50.5128 -48.8523 1
45.928 -68.2925 1
-65.6711 20.1423 0
38.9426 13.0822 2
-71.9966 43.0288 0
47.5422 71.2949 2
26.4888 -40.244 1
64.7844 69.6116 2
31.8673 30.1343 2
-58.1575 24.9945 0
-65.4881 45.7646 0
46.6887 -51.7215 1
22.401 -25.7966 1
24.9697 75.6086 2
18.0735 69.0503 2
49.8955 85.0382 2
65.8386 -63.1433 1
35.4184 -29.5428 1
40.2842 -87.8095 1
61.2291 25.8156 2
-70.4122 -17.341 0
41.8381 28.2691 2
68.8365 34.7628 2
-63.5486 -5.01655 0
-73.1334 -45.033 0
32.9377 40.8042 2
28.3724 -74.4523 1
-62.9861 38.9986 0
67.0178 55.5272 2
-73.7446 -0.613391 0
11.8333 30.5054 2
-77.2261 30.6393 0
40.9839 81.3565 2
14.1853 -53.8894 1
45.9053 52.9694 2
-59.5062 -14.3297 0
38.584 -24.8617 1
64.4534 27.6063 2
38.4329 -40.1118 1
48.5955 16.2569 2
-77.1014 1.03725 0
47.9069 16.246 2
22.7391 74.5441 2
20.1319 31.8518 2
36.6149 -65.0741 1
47.424 28.3492 2
60.6055 -52.7298 1
20.161 -28.3663 1
43.9227 75.09 2
-56.652 19.9098 0
22.3239 -34.916 1
8.47546 36.7562 2
13.1769 -62.5809 1
59.5101 -20.4624 1
-64.0705 36.6783 0
15.4166 25.8299 2
68.0835 -44.859 1
42.554 20.4366 2
51.739 -34.9767 1
-69.3232 -48.0615 0
46.071 39.1412 2
46.2021 75.1793 2
43.4413 17.7829 2
36.548 16.5517 2
56.8641 59.2232 2
30.2472 25.7266 2
67.7869 35.3372 2
-68.6263 -48.978 0
19.3058 -34.9409 1
51.193 -85.3782 1
-72.1959 -17.3704 0
53.305 69.9447 2
61.9218 76.9869 2
-71.0609 -78.3548 0
-66.7387 -78.0777 0
35.9156 -51.3249 1
-66.1112 21.3346 0
52.8265 57.3203 2
14.9375 -32.9781 1
34.7172 20.3013 2
31.1334 17.1016 2
19.4639 64.266 2
-63.9532 -48.9767 0
48.6698 55.3716 2
34.6769 79.8536 2
-60.7935 -35.738 0
-67.0783 22.2718 0
39.5982 51.5645 2
-65.7305 34.5935 0
67.7712 64.3906 2
56.6017 36.4235 2
18.3559 44.2675 2
22.5293 -34.7375 1
35.5871 -63.7232 1
-66.7959 -71.4904 0
-75.5878 -41.9871 0
37.8402 34.2077 2
30.8762 -38.8039 1
-59.6195 -30.5626 0
12.266 -51.6943 1
52.2388 35.2858 2
31.7333 85.871 2
-70.2906 -48.913 0
37.9713 25.2885 2
-78.5967 6.91085 0
61.9474 28.812 2
40.7245 71.2431 2
-75.6411 5.00745 0
-77.5248 -46.7935 0
45.376 -81.5661 1
-78.4486 -22.7089 0
33.5745 -85.3308 1
-77.469 24.4774 0
17.9218 -54.5728 1
20.855 -40.6976 1
33.6765 59.547 2
29.0405 -58.5556 1
-77.1889 -28.5848 0
-66.9303 -59.4949 0
62.2169 -58.3296 1
21.0797 -60.666 1
-58.0528 -45.4565 0
41.0139 32.1075 2
60.1204 -52.9041 1
16.2606 24.0325 2
64.8342 -37.6685 1
-63.5824 -2.45578 0
44.7629 53.9222 2
-65.0523 -68.1746 0
27.1936 -58.3484 1
51.1326 -66.0463 1
48.7097 -23.1804 1
-73.9896 49.6169 0
54.702 -19.7696 1
35.7162 -52.2876 1
-69.7456 1.02191 0
47.2289 -86.5294 1
50.989 -35.6806 1
20.7332 -63.6319 1
-68.439 22.2572 0
16.6038 -31.9202 1
21.2906 -36.2135 1
39.8898 -85.4061 1
53.9079 35.2821 2
41.6945 65.6448 2
15.9445 -23.9889 1
54.0755 38.5508 2
33.0668 -40.5929 1
69.4856 42.3914 2
-56.7593 34.0516 0
35.5936 -11.9615 1
11.349 -39.1861 1
-58.8269 -42.4167 0
13.8373 -61.5563 1
37.0294 -54.2513 1
72.1822 37.5729 2
25.9085 73.8861 2
40.9094 17.0884 2
-74.3922 3.34748 0
13.4014 32.0785 2
-64.8886 34.8809 0
68.2945 -47.6664 1
62.6151 61.9157 2
22.3867 45.5954 2
-58.102 -59.5454 0
36.5909 24.2082 2
37.4349 11.1895 2
-63.693 8.47712 0
51.2555 37.4204 2
43.7676 88.6848 2
15.6734 -71.3999 1
22.7894 63.5899 2
43.0088 -65.6609 1
-76.3794 -53.2062 0
20.3991 -71.2618 1
-70.1901 -42.3147 0
-59.3653 -63.7656 0
52.1528 68.9947 2
45.2326 24.7138 2
69.214 43.4045 2
34.7585 79.4574 2
-56.4786 21.3366 0
-60.0743 -39.9313 0
-71.2427 -55.5509 0
17.6461 39.9691 2
61.8024 -61.1141 1
-68.122 -0.038974 0
72.3593 60.0739 2
51.4797 56.9257 2
71.6352 52.3323 2
35.178 -81.2512 1
36.9751 -23.4245 1
37.574 -64.2341 1
48.0562 50.9968 2
28.1471 -37.5161 1
51.2454 50.27 2
44.1971 69.3301 2
-61.0855 -26.1581 0
54.6843 25.3102 2
36.9626 89.6654 2
25.0601 71.5634 2
29.4205 57.5727 2
44.966 -88.1769 1
63.2746 -35.2082 1
-59.0601 5.79456 0
64.8714 -63.2733 1
-63.4609 55.0917 0
54.271 73.0214 2
48.2282 -62.899 1
43.6943 73.1444 2
8.33613 57.7851 2
64.3812 -29.3116 1
44.8842 -31.7758 1
54.5462 -24.2214 1
18.1438 -61.7143 1
-75.6493 -20.4886 0
-62.2417 -28.1681 0
45.0821 -84.0651 1
18.1249 -61.0656 1
-69.3789 -48.8649 0
35.7775 -34.8765 1
-65.5547 -20.734 0
42.2631 -83.2877 1
32.5285 53.5414 2
38.9789 58.3131 2
56.3601 -23.5622 1
15.1141 54.8193 2
8.38093 44.2465 2
43.1206 19.9023 2
46.2453 -57.4664 1
25.7331 41.7507 2
52.1776 -25.7849 1
16.397 72.6035 2
23.2224 -22.8855 1
36.2212 -30.6448 1
-67.6906 -33.8511 0
46.2 -22.2858 1
56.5176 34.3221 2
26.0585 32.4241 2
56.9966 69.5622 2
25.8944 73.9033 2
-73.7208 19.3997 0
72.407 52.5313 2
-71.9419 -82.9123 0
66.9914 48.3451 2
55.57 69.3922 2
38.8172 66.6094 2
-71.2807 3.98864 0
66.1947 27.133 2
33.3695 17.5183 2
-57.5181 20.6308 0
66.7821 55.9306 2
-66.4377 -27.938 0
48.9569 -57.0009 1
25.9775 17.8515 2
62.7262 -50.2484 1
-69.7766 -10.4897 0
58.4187 54.6236 2
27.0985 64.2625 2
49.5702 41.456 2
66.0573 50.3117 2
24.3182 -36.6309 1
13.9116 -57.4126 1
-77.0717 22.3179 0
22.9249 -75.1628 1
27.7036 73.3384 2
37.1262 -71.9555 1
53.1239 -22.096 1
-66.2539 -75.8605 0
19.7368 24.4417 2
-57.8823 -61.2114 0
38.2315 -38.6724 1
22.474 47.5781 2
71.4105 -44.1491 1
19.9101 68.1767 2
40.6459 -76.5048 1
34.8503 -64.6053 1
24.3035 31.7865 2
60.7855 -45.2178 1
-63.4344 -74.4435 0
31.217 48.0517 2
52.3482 -39.0326 1
-59.6782 35.6813 0
-77.4089 -8.33944 0
-63.5141 19.9034 0
-79.7909 -5.7803 0
49.676 17.0955 2
15.8157 -33.0765 1
24.3303 -69.6835 1
16.9654 -47.3307 1
66.4685 47.5886 2
64.2658 24.0988 2
49.0726 -57.1927 1
26.2878 71.0448 2
29.3186 24.0325 2
55.2757 59.5266 2
19.1504 -74.9554 1
20.1148 65.5954 2
16.2112 -45.3682 1
25.5544 75.7806 2
-67.9802 -16.0735 0
-75.4107 -34.8255 0
58.3526 76.3729 2
-59.7326 17.1752 0
31.3069 -58.4541 1
-59.2678 -72.7643 0
-73.512 28.4596 0
60.5674 -58.5552 1
47.2597 82.2285 2
40.8342 -54.3592 1
44.8056 -47.4426 1
17.3653 36.6413 2
-63.142 43.7762 0
41.1188 -83.7847 1
-55.4351 -10.5139 0
26.8059 -34.2577 1
65.8997 -39.3139 1
-66.49 -39.4567 0
53.6134 -50.0131 1
-55.8004 -2.79315 0
-74.2691 12.0685 0
46.7839 -69.6931 1
66.0754 -56.5908 1
56.1416 -45.2207 1
28.3742 -57.6555 1
33.8013 88.732 2
56.3092 -64.6099 1
40.6563 85.7432 2
-74.7268 -30.7722 0
46.1152 88.3126 2
45.7609 -16.3868 1
66.7368 -37.2911 1
41.1416 74.4885 2
-79.432 4.74569 0
41.6884 -72.575 1
-63.5911 50.8978 0
21.2959 -70.8396 1
63.274 35.2865 2
-69.9042 29.1471 0
-74.8388 -45.7499 0
-62.2573 -72.099 0
-68.7399 17.576 0
10.0839 61.7985 2
49.7693 -17.1159 1
20.5248 -35.8466 1
-61.9154 -47.9837 0
23.5207 -40.8284 1
-60.1898 -33.6206 0
26.6566 58.8253 2
27.8558 -52.1148 1
-58.5243 24.8893 0
-67.2487 -54.2774 0
22.3323 16.5716 2
45.1731 73.4937 2
65.6336 -52.1879 1
34.6274 -55.9622 1
36.5746 -77.3902 1
43.1023 -78.4397 1
53.1907 74.2186 2
59.5386 -78.9042 1
18.5154 -45.3912 1
45.014 54.4979 2
30.3633 81.4297 2
59.8265 -44.8114 1
-55.4009 -3.77206 0
21.1161 53.3405 2
57.9597 -56.0661 1
-57.6869 -64.8872 0
65.6067 41.5062 2
-62.3434 29.5167 0
59.8742 29.0904 2
-72.3386 -78.8303 0
30.8616 29.3986 2
-67.7802 -62.0293 0
-72.9068 24.7682 0
-59.2597 -6.76757 0
11.7952 44.4359 2
32.2791 41.74 2
41.0755 -16.9683 1
38.8022 -68.8976 1
51.2469 50.113 2
64.8619 -71.5734 1
25.1065 48.8974 2
60.8934 55.1428 2
58.0948 57.4943 2
25.0015 -38.3387 1
64.9608 -72.682 1
-63.2729 -18.9858 0
-55.7394 15.2086 0
35.5696 -50.2108 1
-56.7337 15.6329 0
53.5428 -21.2685 1
16.1301 -66.202 1
18.5739 23.101 2
21.736 36.1222 2
48.6622 69.3539 2
21.6697 43.9811 2
20.5137 -43.3809 1
-77.2448 12.9258 0
38.6761 14.458 2
-72.7976 16.7121 0
-63.3178 4.58136 0
-68.6345 -2.52687 0
23.2032 25.8209 2
12.1147 35.1487 2
-59.3156 10.6182 0
20.5936 82.7501 2
50.8119 -34.4705 1
-72.7623 -36.6896 0
21.6846 33.9861 2
-62.9677 -86.1859 0
49.7065 -69.9139 1
16.6072 29.6723 2
22.0706 -32.2613 1
55.661 -43.8146 1
-73.4781 27.5619 0
-57.8947 29.5258 0
72.4097 49.1125 2
28.2772 -45.3119 1
43.9013 -45.2927 1
25.4831 -37.5021 1
50.8037 -21.4841 1
62.6093 -26.71 1
64.0852 75.8732 2
-67.3848 3.77273 0
38.0023 -35.1401 1
-69.142 -53.1249 0
35.2076 -73.5417 1
47.65 14.8656 2
42.0272 43.6408 2
25.7262 -75.6492 1
-69.1842 37.6212 0
67.4847 -53.2946 1
34.6058 44.8631 2
33.3876 -60.2034 1
47.616 34.7819 2
60.5399 57.6542 2
-71.6885 22.567 0
38.4603 -83.344 1
-61.7855 22.829 0
-66.5841 -3.72636 0
50.4827 -86.8737 1
-68.6883 15.5322 0
-60.8899 -71.908 0
-56.2096 18.856 0
69.6003 -54.8661 1
-66.6102 -57.7015 0
-66.812 10.0343 0
48.809 -75.1348 1
35.907 30.9921 2
-69.6069 2.33884 0
72.2158 61.3178 2
49.7893 41.8245 2
-73.3532 -66.9436 0
71.5226 54.7791 2
58.3362 -44.8829 1
46.5279 42.673 2
53.2039 -26.7932 1
37.3131 -53.6602 1
40.974 -23.0511 1
34.3506 78.0694 2
40.2964 56.1137 2
-60.2555 -41.7652 0
-60.7109 -52.4783 0
44.9084 -59.1493 1
-54.2154 -5.1787 0
-60.5862 -1.00762 0
43.5157 33.9051 2
-63.6287 52.4029 0
14.7132 68.8623 2
-59.0618 41.4847 0
39.6541 60.7595 2
70.2235 -58.4395 1
-67.7986 -18.302 0
42.8925 -38.1467 1
68.2042 52.0404 2
23.6429 -19.2438 1
-57.2346 -8.82035 0
-65.5937 61.8607 0
63.3336 58.2355 2
52.1081 -28.7993 1
20.8096 73.6566 2
32.163 27.7465 2
-75.7074 17.585 0
55.3685 -40.1686 1
42.6492 60.7878 2
21.1031 -73.9122 1
59.7788 24.7321 2
21.7246 -61.7246 1
45.6815 -30.8297 1
-67.7365 -75.3366 0
21.0582 -80.1262 1
51.1999 46.0501 2
-60.7839 -52.8899 0
53.7731 25.8125 2
63.8695 -31.2944 1
24.4159 -63.1536 1
33.7831 25.9934 2
-68.3371 61.3543 0
23.7266 -39.6429 1
-76.4153 -49.3766 0
-64.1082 53.1249 0
43.5149 -82.8672 1
29.7713 74.4954 2
13.5934 57.2001 2
35.0069 44.5656 2
-69.8903 -45.0816 0
-67.6752 -73.0188 0
-61.4758 17.134 0
36.291 53.7909 2
-70.4656 52.112 0
-62.929 54.556 0
-73.8597 48.3723 0
38.3663 -65.0259 1
-61.3894 33.3003 0
53.562 36.8709 2
30.1759 59.1353 2
-69.5891 -2.90703 0
-78.4693 -0.821767 0
65.1552 -69.7072 1
-67.0286 -80.2414 0
17.7873 43.7424 2
-67.2877 -22.3485 0
-71.5033 -52.6627 0
31.132 16.1402 2
33.4795 -81.1464 1
-59.2066 35.5519 0
-54.7879 3.59516 0
58.4232 82.9623 2
-62.0951 -1.15228 0
67.9557 -50.7782 1
62.6669 -54.0518 1
53.9937 -67.2299 1
20.4535 36.2788 2
-58.3895 -24.962 0
-72.2879 -69.4005 0
28.0156 -43.5131 1
55.5228 -40.6592 1
-62.3238 -19.0664 0
-71.824 30.6128 0
46.7344 -44.0652 1
27.9369 35.6507 2
16.7193 36.6832 2
23.2589 -22.4374 1
27.3997 -36.8339 1
56.807 41.2509 2
-75.4949 9.8945 0
45.1609 43.5656 2
38.0795 68.226 2
-59.3386 47.5657 0
38.4076 33.7542 2
11.147 -40.7653 1
-67.2115 -78.1874 0
48.9474 -71.7821 1
-58.8556 37.0316 0
-63.8568 19.7088 0
63.5374 -33.443 1
15.8681 69.2849 2
-77.5649 9.29755 0
20.556 -46.9204 1
24.4919 57.7764 2
47.801 84.5611 2
44.8385 -75.8133 1
60.7046 18.7211 2
44.8954 -75.2252 1
66.066 -53.5561 1
56.634 74.0432 2
28.4982 -63.1361 1
-62.4039 -20.342 0
35.3587 -81.6235 1
56.728 67.8751 2
46.8619 -64.3569 1
25.6381 -66.1684 1
12.6986 33.5156 2
53.444 79.3753 2
-66.1307 -20.9484 0
41.5057 -10.3469 1
53.4461 72.6125 2
59.1994 -81.2482 1
25.6795 -34.4448 1
56.7858 -61.8013 1
24.7359 28.1667 2
45.3265 -66.6168 1
-66.1945 13.3154 0
56.5363 -82.9583 1
27.8591 35.5447 2
48.6351 -15.3641 1
19.6896 47.573 2
61.1641 77.3115 2
12.6096 -67.5131 1
12.6061 -52.4802 1
50.6252 70.2804 2
-62.7709 -71.555 0
35.4575 58.1453 2
-77.9721 8.97352 0
44.3839 20.1959 2
30.3755 56.4573 2
59.2623 22.6383 2
50.9597 -55.7697 1
52.3876 49.3102 2
-70.0206 -54.1703 0
67.0578 -68.0997 1
-72.9985 -22.4725 0
43.8838 41.4845 2
26.9902 -72.8394 1
-75.549 4.82364 0
28.9515 -50.254 1
35.1909 -59.1981 1
28.1771 -54.6995 1
43.1612 23.9774 2
49.9636 -28.5876 1
59.0003 -75.5915 1
36.5306 -11.9546 1
26.4059 -61.5401 1
58.224 45.7298 2
-71.6987 -34.2496 0
51.2038 33.9646 2
-57.6444 -0.356002 0
46.6483 32.3743 2
41.1539 55.9754 2
37.8619 22.9242 2
44.0007 87.9493 2
62.8456 -40.3552 1
57.082 -29.4592 1
-57.1439 30.5142 0
51.7107 -20.6413 1
23.8512 66.8705 2
-72.677 -28.6056 0
41.5259 29.5581 2
34.2582 89.2957 2
19.9682 -64.2822 1
58.2211 48.5783 2
41.691 85.2082 2
-67.2027 -43.609 0
-63.5128 -83.0707 0
-64.5158 -82.6265 0
54.6281 -53.8892 1
32.3475 -18.4107 1
36.2264 12.5343 2
31.8327 20.8261 2
51.3892 21.3583 2
42.4498 -80.6729 1
68.0211 -51.1279 1
18.453 -39.2972 1
39.4058 19.6751 2
41.9638 55.3118 2
55.8364 -57.8595 1
-58.9104 -18.3884 0
16.9686 -74.5659 1
-55.4493 20.8026 0
-69.6658 20.215 0
-66.7832 27.5505 0
44.0192 32.4584 2
68.0398 43.7903 2
9.84632 63.7332 2
-78.4629 -15.0847 0
-73.7416 -31.064 0
-69.7491 4.84555 0
-58.3536 24.9292 0
60.318 62.2525 2
52.6864 -75.1876 1
-67.0285 13.2824 0
27.9273 19.6483 2
44.9605 -65.5046 1
37.4884 44.2861 2
33.3534 -66.6056 1
60.4721 -49.9802 1
43.3543 68.2067 2
64.3833 49.0132 2
60.211 -23.8746 1
-62.8681 56.4121 0
60.3441 -22.0582 1
24.7064 -57.218 1
56.9202 81.1907 2
48.6482 -23.4172 1
-65.6751 -74.4862 0
52.9526 -38.2451 1
-66.2892 -85.6318 0
48.0018 33.8124 2
-57.5432 33.1851 0
16.1334 -44.3428 1
-78.3221 -14.6992 0
25.884 -78.8202 1
42.5644 -62.7882 1
42.2831 16.4899 2
30.3871 49.0535 2
45.9009 23.0546 2
16.6127 -37.8937 1
44.617 -10.7272 1
36.3123 -27.4834 1
39.4942 40.4208 2
35.4752 -58.202 1
64.5115 -65.476 1
55.4934 79.476 2
61.9679 25.5947 2
16.4881 74.3128 2
59.1644 -74.5857 1
65.6399 -71.8673 1
53.4196 -43.3302 1
42.9125 46.8915 2
43.5958 -42.1795 1
14.387 -39.7995 1
60.3574 -52.0068 1
35.5969 -40.5992 1
-66.6648 -33.2129 0
12.3633 45.0373 2
63.1093 62.0781 2
52.7207 17.2138 2
65.6106 34.7301 2
15.4803 -34.9079 1
24.8679 -46.4826 1
37.0772 -15.9606 1
41.4224 17.052 2
44.7165 53.4161 2
-73.4415 -38.2632 0
67.4154 -54.8478 1
-74.6139 44.0147 0
-66.9023 -50.2055 0
18.981 -53.8044 1
40.7869 -89.9459 1
48.9877 -67.9306 1
34.3976 -10.8419 1
44.0482 -66.7983 1
49.0243 -52.741 1
22.3596 35.1603 2
53.2685 -80.5599 1
53.3546 63.6477 2
-59.8414 -36.8006 0
24.6224 72.6351 2
30.7024 -85.9008 1
17.1965 60.1275 2
15.8876 -71.3464 1
-66.5341 -28.7896 0
46.056 -88.8741 1
47.9432 74.9197 2
35.6443 -25.0567 1
49.2194 -69.7718 1
27.2376 81.889 2
-69.9702 58.4222 0
31.8118 -88.0462 1
-69.5662 -41.4458 0
-64.0033 -77.6408 0
69.0364 62.7357 2
48.0914 -71.8245 1
34.5358 80.8938 2
36.9248 38.5272 2
28.2805 -77.1503 1
11.3334 70.7044 2
-60.3401 -15.0712 0
-63.037 -29.3474 0
37.9786 -83.1893 1
41.4937 25.8148 2
57.4982 77.3489 2
28.2453 -53.6229 1
-70.5118 -75.2075 0
49.5692 -81.2585 1
-59.3154 33.9631 0
65.7459 -68.4169 1
59.1947 40.7618 2
20.4203 -57.9787 1
60.3619 -79.028 1
25.6402 -80.4434 1
59.8664 -31.0848 1
18.8531 80.9725 2
25.0804 -24.072 1
9.72849 -42.5177 1
13.56 -57.5083 1
35.0206 -34.6271 1
-65.2267 43.4355 0
46.7823 44.0196 2
-62.0189 19.8308 0
56.7652 19.8274 2
-60.4274 15.4547 0
37.5972 -65.0788 1
-67.062 48.3125 0
28.4063 -64.2187 1
-66.9318 -51.7961 0
50.9663 -76.9068 1
-60.769 -47.5438 0
52.9504 48.0194 2
12.6515 -55.2967 1
44.6907 -84.621 1
37.5618 22.7131 2
-73.8037 0.694777 0
-76.4964 -55.7841 0
15.4001 -38.5713 1
60.5798 -38.7659 1
-73.7566 20.2365 0
34.4295 -88.2445 1
-77.015 -46.9716 0
63.5674 33.3288 2
-71.1222 9.05605 0
-63.292 58.3374 0
11.8703 49.9883 2
-63.9652 -26.7274 0
28.0921 42.2167 2
51.5614 -50.2871 1
54.1154 -27.9401 1
57.1166 47.6483 2
64.1006 -64.644 1
-71.1637 15.3807 0
66.1158 -49.56 1
-73.9847 -71.7507 0
69.8508 -62.3363 1
48.5621 -35.0002 1
-55.2995 11.6364 0
35.5525 -76.9442 1
25.8428 -33.3788 1
11.8698 -60.7644 1
-69.5841 -14.9818 0
67.7833 -55.9325 1
-70.2753 -56.0668 0
-70.2193 -46.9241 0
62.1962 70.6952 2
-65.6782 48.1489 0
61.0829 68.2488 2
11.2019 56.584 2
22.6123 -76.4528 1
-75.5914 -15.5029 0
45.0027 72.1545 2
35.4595 48.1765 2
8.59244 -55.1838 1
17.6784 49.691 2
66.918 73.4358 2
61.5437 -54.6652 1
-61.2111 27.5759 0
42.6914 -28.2302 1
40.6802 79.3725 2
66.9295 -63.8111 1
28.919 61.3819 2
-67.523 -78.542 0
30.4067 -44.6199 1
33.2708 -35.6969 1
10.1991 -35.9133 1
33.8424 38.4521 2
30.7773 75.4045 2
52.8724 19.4418 2
47.2542 78.916 2
-67.402 -89.3834 0
72.3961 56.5984 2
25.0906 60.5929 2
50.1953 47.4854 2
-58.0247 39.3199 0
37.402 17.8174 2
25.5599 -76.1272 1
52.8831 -20.9645 1
39.5357 -47.8215 1
53.1951 75.6047 2
-71.3663 -53.6402 0
-78.0446 0.727404 0
52.0345 -68.2883 1
49.5655 -48.4317 1
60.1491 -78.548 1
46.8112 80.3185 2
69.1645 -41.4398 1
23.3569 30.727 2
53.5055 -59.4597 1
37.9691 21.2697 2
54.5197 59.6133 2
31.0066 -44.6673 1
35.111 65.5866 2
21.8807 -78.8203 1
50.6618 67.7687 2
39.3114 78.8137 2
-64.0352 -13.1574 0
62.3285 -76.5601 1
43.4871 87.9509 2
66.1342 27.6305 2
65.0491 45.2766 2
-65.7577 -18.1442 0
-73.564 11.8304 0
61.9244 -75.5331 1
46.4396 16.8998 2
-57.548 12.6265 0
-68.3174 42.8594 0
10.2034 -36.3157 1
50.9774 -44.5086 1
43.569 -74.5829 1
12.5671 36.6807 2
-77.7654 -47.4217 0
39.2656 -86.0624 1
71.4474 55.0689 2
47.3468 -71.4509 1
12.2086 60.5105 2
48.0759 -36.0518 1
-61.885 -42.3639 0
-56.3654 21.4287 0
-76.8959 -41.3414 0
-62.6216 -5.90337 0
49.075 42.544 2
-77.3864 10.9085 0
56.482 -33.0045 1
36.828 -88.0625 1
43.1141 -37.3825 1
50.8233 -75.2738 1
37.8658 35.3983 2
64.904 67.4277 2
62.3796 52.274 2
32.316 -76.4405 1
40.4741 48.9812 2
52.619 -63.9781 1
-76.0821 -35.2194 0
68.6662 71.2817 2
65.289 -61.0402 1
47.8941 21.0228 2
-68.4571 -63.5375 0
-75.0428 -72.6783 0
47.9166 18.1916 2
48.2088 23.2089 2
-72.195 -41.1146 0
43.6023 -46.9309 1
